dist[0]=93
dist[1]=3285
dist[2]=85350
dist[3]=1260714
dist[4]=10871742
dist[5]=54586161
dist[6]=159818688
dist[7]=273378694
dist[8]=273376196
dist[9]=159818440
dist[10]=54574824
dist[11]=10876078
dist[12]=1261215
dist[13]=85046
dist[14]=3397
dist[15]=77
Time: 0.70271 sec
93,3285,85350,1260714,10871742,54586161,159818688,273378694,273376196,159818440,54574824,10876078,1261215,85046,3397,77,1,0.70271
